%% Definição das variáveis

global Cb m Vx Cr Db Iz Dr Cd Dd

Cb=-110008;
m=917;
Vx=10;
Cr=34308/Vx;
Db=34308;
Iz=1128;
Dr=-189221/Vx;
Cd=57296;
Dd=52139;





